# xi	alpha_0	alpha_0p5	alpha_1	alpha_2	alpha_5	alpha_10	alpha_100
0.0025	0.003207369429	0.002515244511	0.00253875129	0.002399155082	0.001813935146	0.001653984587	0.000369235541
0.0075	0.008986164348	0.006441155256	0.005692560883	0.005706098574	0.004280364948	0.004384371841	0.001673867785
0.0125	0.01334099784	0.010872776537	0.00845378007	0.008753673949	0.006903393468	0.007679214153	0.00262157234
0.0175	0.020308731427	0.013973580617	0.011830057559	0.012255143529	0.010348565256	0.009937034382	0.004381595085
0.0225	0.024400892423	0.020294962325	0.01582139335	0.017118295723	0.013415290142	0.013625682548	0.005304683937
0.0275	0.031493049824	0.02158585501	0.018517180803	0.018791220078	0.017108409899	0.016421704111	0.006757010398
0.0325	0.036539126727	0.028146783814	0.02356851069	0.024367634594	0.020005486175	0.019519643495	0.008135489751
0.0375	0.044211928594	0.031247587894	0.027154169729	0.026494453153	0.021949920252	0.023234545385	0.008689343062
0.0425	0.04907828221	0.038314227234	0.0324803129	0.031137142448	0.02664788178	0.025531746199	0.011212452592
0.0475	0.056502236449	0.04138841497	0.035320050168	0.034223623041	0.027130727826	0.029771722561	0.011581688133
0.0525	0.063884716083	0.050012110437	0.04143137415	0.03932020654	0.032468134118	0.031767005554	0.014523264608
0.0575	0.071792540709	0.053352461613	0.043760743891	0.043236665107	0.034399518302	0.036203884842	0.013686330716
0.0625	0.079617416127	0.062255628691	0.049479477467	0.048968700493	0.03892783122	0.038684861722	0.016640215043
0.0675	0.086529850241	0.065436281803	0.05217526492	0.053144527177	0.04242520258	0.041822181692	0.016787909259
0.0725	0.091880074245	0.071757663511	0.056009564549	0.057372227485	0.045113480566	0.045839001403	0.018880243991
0.0775	0.101350108981	0.077466869306	0.060537440562	0.059952940249	0.048441203315	0.048109948494	0.019975642762
0.0825	0.105511394318	0.080634214246	0.065104575615	0.065970280564	0.052721568263	0.0526780964	0.02113258079
0.0875	0.114912304713	0.088459419391	0.068978134285	0.066035122593	0.056636536203	0.056012319297	0.02275721717
0.0925	0.118810917554	0.089949934657	0.074880076717	0.073621640016	0.060303556174	0.059910997252	0.024295698591
0.0975	0.127962980321	0.100090761733	0.078858326162	0.075216753935	0.065301665245	0.065437406069	0.026228031255
0.1025	0.132870808542	0.101182031838	0.08440693723	0.082245629907	0.070064876239	0.06879788269	0.02871421723
0.1075	0.140889232114	0.112800066009	0.090963197005	0.088885453702	0.07348394824	0.075413821037	0.030843475516
0.1125	0.148783231873	0.114490203855	0.094548856044	0.090558378057	0.080400391601	0.076030783541	0.033748128437
0.1175	0.152723319318	0.128104463827	0.098409328367	0.100544050562	0.081705380915	0.084064422962	0.035532766885
0.1225	0.165608096506	0.127439055226	0.10547595567	0.102307753758	0.08859572449	0.084038169239	0.038978965267
0.1275	0.166879984383	0.140520988318	0.108158656775	0.111580163941	0.094115829285	0.092452487652	0.041415919837
0.1325	0.179944484859	0.140028585953	0.115421579281	0.11399228743	0.096817157164	0.092504995099	0.043286713244
0.1375	0.181188723	0.151500230231	0.119020324667	0.120450553543	0.104660142938	0.103833476832	0.04912063479
0.1425	0.193506680591	0.151393764855	0.125864484073	0.120437585138	0.108144464405	0.10097182096	0.048320624451
0.1475	0.198884554332	0.164928175796	0.125929915808	0.128192691836	0.114525862148	0.115752667346	0.058068442731
0.1525	0.205603440291	0.162506088489	0.136529856762	0.129541406045	0.118767077416	0.112260922107	0.05363761624
0.1575	0.214022785042	0.176599442654	0.133912587391	0.138852721446	0.125174574945	0.126267283647	0.065871620495
0.1625	0.220216326008	0.178569052112	0.147339179266	0.139332552462	0.130029135191	0.124744567678	0.059656155556
0.1675	0.231096497304	0.186913275966	0.145611781481	0.149045888445	0.134975044689	0.136821280533	0.071557847824
0.1725	0.237801558394	0.191344897248	0.158122329077	0.150381634247	0.140625648417	0.140877480829	0.067693182497
0.1775	0.248184034434	0.197293650139	0.160504044205	0.155828364705	0.14630235193	0.149173657486	0.075693285882
0.1825	0.250285414405	0.20337548475	0.167505239773	0.163427850533	0.151652808115	0.155750215248	0.076308678451
0.1875	0.263792310664	0.210136036134	0.175173839032	0.164880311989	0.15945664421	0.164322056003	0.080247190887
0.1925	0.26366788685	0.217202675475	0.180486895856	0.174010069708	0.164115456059	0.170609822804	0.085231870689
0.1975	0.276870636008	0.221421366004	0.18812932242	0.179249305672	0.17232383884	0.179129156112	0.08659804219
0.2025	0.277216257713	0.231016558028	0.193507810979	0.184060584242	0.172597886596	0.185915743662	0.092776583574
0.2075	0.293253104858	0.235408254793	0.199619134961	0.193216278773	0.186496022784	0.192124749293	0.095508926577
0.2125	0.287667858094	0.241250542308	0.202458872229	0.195148571245	0.183585896615	0.19976458286	0.103250565084
0.2175	0.309428200685	0.24971453971	0.213909425729	0.20375959273	0.203069387065	0.201983022505	0.104555197329
0.2225	0.300151714104	0.253187972606	0.214524484032	0.209011797099	0.196740188895	0.214794839621	0.114918408176
0.2275	0.329183937383	0.263382032371	0.228081939376	0.216585346116	0.216406377848	0.211027430284	0.11404455073
0.2325	0.316243860722	0.265311717313	0.225569360779	0.219347616563	0.210142429144	0.228538663924	0.123373902063
0.2375	0.347529537522	0.275492468905	0.241246804314	0.23066903487	0.228307880387	0.226740283858	0.123238515698
0.2425	0.333276098379	0.277022908687	0.238786571105	0.22982608849	0.225802300905	0.239066407087	0.131177079827
0.2475	0.361852101007	0.285872843078	0.256283016853	0.24376712478	0.242714962407	0.242308741952	0.134241734816
0.2525	0.351884371014	0.28773598716	0.250826010214	0.241393906509	0.241475222559	0.252810231391	0.139521803051
0.2575	0.381773736124	0.298795078106	0.268701960021	0.257461761359	0.257265593252	0.258796080372	0.146389584112
0.2625	0.369165456299	0.293990828008	0.262656067773	0.254971827435	0.254029219755	0.269297569811	0.146832666761
0.2675	0.399538691797	0.31268880969	0.283855949681	0.274139131283	0.270576484249	0.27811882094	0.155878937512
0.2725	0.38351566952	0.303027076807	0.278137216105	0.271299050401	0.268736449317	0.282726349432	0.155115850728
0.2775	0.41652945485	0.324080604936	0.302176835282	0.290751659178	0.288963783676	0.302285373512	0.168925259957
0.2825	0.399552516665	0.317399902584	0.299389443401	0.283567162336	0.285231514239	0.29905616551	0.169183724836
0.2875	0.432096256475	0.335538941042	0.316519471437	0.307286376638	0.30942601611	0.327633343647	0.185011621689
0.2925	0.413363560025	0.335405859322	0.319686367377	0.297443356597	0.301961477237	0.319232152095	0.18547932004
0.2975	0.448879646504	0.346957352632	0.329069278073	0.319671204225	0.329666400362	0.349463314819	0.19712254743
0.3025	0.422252950296	0.348966886606	0.330050754088	0.310398794042	0.321575466619	0.337425982549	0.198857954472
0.3075	0.467031698487	0.359679965079	0.341697602791	0.329177045714	0.347153257162	0.368720421078	0.209996559956
0.3125	0.437335881533	0.361476568302	0.34419709504	0.321668338726	0.344791226505	0.352561254203	0.214205845122
0.3175	0.483815088516	0.375689696015	0.356511347433	0.339759264889	0.362499931488	0.385352154978	0.22764601881
0.3225	0.453967198012	0.377087054076	0.364166860345	0.334844239071	0.365201259367	0.368615406184	0.231646070503
0.3275	0.501939490764	0.389290647815	0.368446095767	0.358135495979	0.380247786151	0.403874156977	0.247633969424
0.3325	0.472658419856	0.394414294041	0.3830897179	0.349122453913	0.385089296504	0.391219862202	0.249246297952
0.3375	0.524847297418	0.406990516597	0.378784309784	0.375616907066	0.399966174677	0.424745867237	0.268963475836
0.3425	0.491128443809	0.412300477231	0.398819506823	0.369560661534	0.407208865367	0.415885235523	0.267584996483
0.3475	0.546220543699	0.434245652886	0.393899040404	0.387936892625	0.418849370043	0.442742794764	0.295216122793
0.3525	0.513289707579	0.433380621705	0.417009528954	0.391801477568	0.428819488397	0.438332169199	0.28859449876
0.3575	0.565395635931	0.458240287031	0.411225363643	0.404653167767	0.439298552584	0.464441497318	0.325001123091
0.3625	0.533944060712	0.454154678222	0.437646697948	0.412304527219	0.448250779274	0.458206237963	0.317111790368
0.3675	0.581225110053	0.481529588059	0.435919300163	0.426362279161	0.464002000288	0.487859818768	0.349789135737
0.3725	0.547119160134	0.47592684764	0.45837547137	0.435556878909	0.470579146427	0.476741366824	0.348078344397
0.3775	0.59646011484	0.507427290802	0.46224903004	0.451702544194	0.488405300449	0.512249527991	0.37239865869
0.3825	0.560778129943	0.499189532324	0.479326712689	0.453595931448	0.495504442314	0.494344488497	0.377260259979
0.3875	0.615649031941	0.530942830755	0.487701974677	0.479584616773	0.514400687573	0.538805169411	0.396743588686
0.3925	0.581197460316	0.518339991855	0.504230030758	0.472490898773	0.524736202935	0.516082571636	0.408866822279
0.3975	0.634506152205	0.555988810489	0.51513095769	0.506727490219	0.539887128864	0.566332198604	0.427008595188
0.4025	0.605874850104	0.540125469446	0.529525939233	0.495406071911	0.552075729052	0.543990279821	0.443119572622
0.4075	0.656681240843	0.58689038591	0.538123669119	0.535361730338	0.564877674217	0.596825898563	0.459698248408
0.4125	0.631091409752	0.562642896497	0.557622325936	0.515805374315	0.573712451869	0.568865682931	0.473581504746
0.4175	0.676589051091	0.615582804777	0.564322535527	0.562465698567	0.587284340729	0.623617823495	0.489557095815
0.4225	0.659266491201	0.588993077089	0.593452743631	0.541366102247	0.597006511114	0.591089459957	0.505544994735
0.4275	0.701197316538	0.647628882992	0.595821372412	0.594251261307	0.610591449867	0.65247066573	0.526652959823
0.4325	0.685298718075	0.617073320043	0.628419462434	0.566900893368	0.623758792039	0.609952760362	0.542763937257
0.4375	0.729095900622	0.682549526362	0.630565623318	0.629421577975	0.640527904717	0.682741209039	0.569435051161
0.4425	0.71101297298	0.649358945354	0.666710113338	0.593097073186	0.647731445727	0.636245864546	0.581459821942
0.4475	0.753579742255	0.715833264574	0.665048147287	0.666212945374	0.67026861117	0.713956886398	0.614518710703
0.4525	0.736257182365	0.685410783346	0.69888944026	0.630666544937	0.678163796517	0.672856682104	0.623528057901
0.4575	0.783538231705	0.753468775036	0.707735810736	0.708593695695	0.706325465901	0.74790295101	0.663873194669
0.4625	0.766409219971	0.723951249504	0.734288008509	0.671919043948	0.723747073235	0.712381662982	0.672168686488
0.4675	0.820934500263	0.790585266789	0.754113823998	0.750364930941	0.757454947201	0.782912291429	0.715270781961
0.4725	0.802796273147	0.763037350716	0.777643075647	0.71339200586	0.76735981609	0.757629955604	0.729634044501
0.4775	0.867800803557	0.832000298103	0.803894287443	0.800474851149	0.812133999435	0.831678583013	0.773265377583
0.4825	0.843593459289	0.814925913406	0.836400773037	0.774097113648	0.81815000017	0.811620738184	0.793585640184
0.4875	0.910104900335	0.886723501433	0.863031488891	0.869648327957	0.876691820771	0.899308175003	0.846078626247
0.4925	0.89235376953	0.882092257572	0.909906783334	0.857963794286	0.891620898516	0.896197108756	0.878583661697
0.4975	1.009201555795	1.002358208081	0.980363674814	1.004441938372	0.997507731409	1.028108942977	0.981637301159
0.5025	0.968888240042	0.967810193527	1.004665020928	0.956225405418	0.982422054946	1.003916136681	0.994954396334
0.5075	1.006782203855	1.006603514954	0.981175028319	1.012832496958	1.006446908206	1.028739032343	1.014462340744
0.5125	0.969247686616	0.961182723863	1.005882051185	0.953981871206	0.98452308774	0.997982795147	0.994449774428
0.5175	1.002703867728	1.002517906145	0.982732303595	1.014103400731	1.006929754252	1.022635041606	1.017034681679
0.5225	0.971902061316	0.957962146236	0.999378136797	0.957574119627	0.98148246264	0.990434849613	0.993846689711
0.5275	1.011067913006	1.008626357101	0.991382378868	1.01942044713	0.997625180447	1.017423677472	1.017686997801
0.5325	0.970796071857	0.962540157409	0.993345330896	0.962852260808	0.978572336471	0.990251073548	0.992788214494
0.5375	1.016335187801	1.010023715163	0.994915692519	1.027292269481	0.997716529699	1.00748664309	1.019717793276
0.5425	0.966855984412	0.962260685797	0.98995596706	0.965834994154	0.982891851099	0.989765379661	0.985834278474
0.5475	1.021325965232	1.00927845753	0.992089041598	1.022662548593	0.99634629092	1.000385010857	1.024973245808
0.5525	0.970353676074	0.970391978899	0.985611299903	0.975288962019	0.995458898187	0.99479296773	0.976652621357
0.5575	1.029316739068	1.011660620321	0.998435919824	1.01263797087	0.995210950218	1.001054480808	1.037096479401
0.5625	0.970312201469	0.97970769931	0.982326626842	0.985585876265	1.004959220389	1.002445928159	0.975532606883
0.5675	1.033367425458	1.013031362038	1.006745750078	1.013960748267	0.998943219654	1.002196517785	1.047828925789
0.5725	0.968611742677	0.978470039312	0.985689817985	0.986636317139	1.00163149764	0.998284712969	0.971951022136
0.5775	1.032427334419	1.014481952788	1.010449186239	1.016567397843	0.998917119868	1.004191800778	1.050536653089
0.5825	0.969703907267	0.975382543405	0.99224607776	0.990072944689	0.996959635898	0.996118780772	0.969649453931
0.5875	1.030519502603	1.017183511707	1.012961764835	1.015880072333	1.005402916756	1.006278971804	1.053478229565
0.5925	0.969123262802	0.982076553929	0.998592955986	0.996959168196	0.995302299469	1.003391062209	0.973021805205
0.5975	1.037293688035	1.017356517943	1.010815603951	1.015698514651	1.010153077856	1.008366142831	1.054598244039
0.6025	0.972192383548	0.996875241211	1.004193912441	1.003650865615	0.994454056416	1.014286357502	0.975914150275
0.6075	1.045090913716	1.017755763104	1.00711216779	1.012054392607	1.013024054346	1.019458341051	1.047311996032
0.6125	0.975330628636	0.99937717755	1.008852651922	1.00776185027	0.993905960904	1.013945059095	0.97505260068
0.6175	1.040888153775	1.0179953102	1.00369663126	1.010822394051	1.018478909676	1.026704368764	1.044111954678
0.6225	0.971860586711	1.001054007224	1.010187459301	1.003469307933	0.993905960904	1.009245642571	0.972726416772
0.6275	1.037348987508	1.012392569781	1.000516648974	1.017332533788	1.023385669495	1.023882093477	1.047151993964
0.6325	0.96928916122	1.002038811953	1.008918083656	1.006737346208	0.99917811773	1.004677494665	0.976911086236
0.6375	1.040293684441	1.012592192362	1.002008492516	1.020834003368	1.027809583267	1.023488287623	1.050315111765
0.6425	0.96648271297	0.996183216266	1.00848623421	1.018875774084	0.999465215379	0.994254766396	0.983889637958
0.6475	1.038441152098	1.012046557309	0.999953936059	1.017877206834	1.026517643847	1.02776764457	1.045121198489
0.6525	0.965763819822	0.995531115837	1.013001023876	1.028329741949	0.99680303718	0.98632614187	0.98354501812
0.6575	1.035925026081	1.010968595376	0.994928778866	1.011068793762	1.030119414352	1.032178270134	1.044875041462
0.6625	0.959169357677	0.996622385942	1.015408911698	1.033491167478	0.997338082798	0.985866701707	0.973231038678
0.6675	1.040860504038	1.007854483124	0.993135949346	1.000460637776	1.034543328125	1.025706727267	1.049773566305
0.6725	0.956915904156	1.007575011512	1.012490656348	1.036344216765	0.992992468385	0.987665081773	0.967950970443
0.6775	1.050966482713	0.998791617981	0.992599409125	0.990215597154	1.032363995971	1.012015410411	1.040628832742
0.6825	0.968072572816	1.015639763753	1.010619308748	1.040351454173	0.988438055681	0.991747535793	0.972406412637
0.6875	1.051560952047	0.99832583196	0.990636457097	0.985028234813	1.030641410077	1.008169239904	1.037158018657
0.6925	0.968556443204	1.016917348267	1.014584471846	1.039495539387	0.987681161879	0.995265534755	0.974117203976
0.6975	1.050468787457	1.003755566143	0.985074759682	0.985559939453	1.027783483481	1.008602426343	1.040370367863
0.7025	0.968114047421	1.021601824817	1.017725195091	1.036084848648	0.990251990826	0.995199900446	0.973624889922
0.7075	1.050925008108	1.007042684631	0.982562181086	0.986169454528	1.024768958167	1.011017768914	1.03880727074
0.7125	0.973547220635	1.024809094272	1.026008852652	1.033153988926	0.996411540386	0.995199900446	0.976517234992
0.7175	1.047067869873	1.015107436873	0.986618948611	0.986182422934	1.025317053679	1.019077662059	1.03772417982
0.7225	0.973312197875	1.024449773628	1.03638632571	1.024841240776	1.002075194006	0.995199900446	0.973994125463
0.7275	1.045878931205	1.020883183528	0.990139175916	0.986843811632	1.026883040855	1.018460699554	1.037441099239
0.7325	0.9726486042	1.017289977083	1.032447335306	1.013156707104	0.997755679379	0.990763021158	0.970141767986
0.7375	1.041980318365	1.018181624608	0.989772758204	0.990721364982	1.026843891175	1.015336506446	1.029207146677
0.7425	0.975372103241	1.008067413876	1.020591105053	1.007398734906	0.990747886766	0.987730716082	0.96882482789
0.7475	1.039021796564	1.015639763753	0.992089041598	0.995584517176	1.0300280651	1.013498745794	1.023040913144
0.7525	0.977971178468	1.003888647863	1.014505953764	1.004999579824	0.992274724262	0.991471871695	0.969969458067
0.7575	1.041012577589	1.014934430636	0.99453618846	0.995467801523	1.031437453559	1.013498745794	1.024727088781
0.7625	0.985892827963	1.007495162479	1.012686951551	1.004558654025	0.992300824049	0.986588679106	0.975114139937
0.7675	1.034431940312	1.017835612136	0.991526328683	0.997205567907	1.03094155762	1.019274564986	1.024419392497
0.7725	0.996565626235	1.007947640328	1.0091536379	1.008150902445	0.992770620201	0.980550322678	0.979680352792
0.7775	1.021796010751	1.023238729975	0.995517664474	0.999799249077	1.034425879086	1.027833278879	1.021711665197
0.7825	0.997989587662	1.000375290451	1.007125254137	1.009901637235	0.995250099897	0.977518017602	0.983151166877
0.7875	1.018146245539	1.024982100509	1.009389192143	0.998930365885	1.032455345223	1.030196114003	1.015114656866
0.7925	0.998196960686	1.000787843783	1.003212436427	1.014583231747	0.991478680781	0.973002377143	0.982621929268
0.7975	1.01564394439	1.018221549124	1.021454803946	0.991655090203	1.027261487756	1.023790205445	1.008886884077
0.8025	0.99254258958	1.003183314746	0.995609268902	1.018395943068	0.980595069907	0.967187177366	0.982080383808
0.8075	1.006381282677	1.012113098169	1.023221460771	0.978401379423	1.021858831998	1.019248311262	0.999459069933
0.8125	0.98294813103	0.999483642926	0.99153941503	1.017410344223	0.973600327187	0.969773169141	0.981994228848
0.8175	1.003865156659	1.007069300975	1.01652125118	0.971372503452	1.01366349911	1.01412883516	0.99510209055
0.8225	0.983086379712	0.998631919917	0.986710553039	1.016904576395	0.971329645782	0.97203098937	0.97830187344
0.8275	1.002883591015	0.998445605509	1.01148300764	0.971294693017	1.0037977799	1.012172932752	0.999065218689
0.8325	0.979630162655	0.996715543146	0.977157519834	1.015906009144	0.971708092682	0.966596468585	0.973304885786
0.8375	0.998805254888	0.992443619929	1.01031832277	0.968260086048	0.99459760524	1.010046381141	1.002905268314
0.8425	0.975883623365	0.993295342938	0.979918739021	1.01629506132	0.980568970121	0.966478326829	0.974609518031
0.8475	1.001639352875	0.994013984227	1.009284501368	0.964291753858	0.990526038582	1.007670419155	1.00638839025
0.8525	0.971487315269	0.984418792204	0.985323400273	1.009434774625	0.979564128349	0.963498529201	0.981440375537
0.8575	1.003339811667	1.001133856256	1.004193912441	0.964291753858	0.992105075652	1.00369298003	0.99907752654
0.8625	0.973229248665	0.981118365544	0.981449841603	1.007048587948	0.977254297265	0.967397207155	0.986781983029
0.8675	1.002662393123	1.005991339042	1.006261555244	0.971554061134	0.995589397118	1.000726309263	0.995975947997
0.8725	0.981095598687	0.978802743613	0.979225162637	1.010550057528	0.984966784107	0.972293526606	0.983877330107
0.8775	1.003132438643	1.007069300975	1.009506969265	0.98147489161	0.994949952355	1.004795636421	0.999015987284
0.8825	0.987717710569	0.974969990072	0.980926387729	1.010498183904	0.990773986552	0.977360495261	0.981784995375
0.8875	1.007639345686	1.007255615383	1.011404489559	0.986740064386	0.998473423501	1.007368501334	1.003188348896
0.8925	0.99581908335	0.978483347484	0.983308102857	1.008034186793	0.99134818185	0.98603735091	0.982326540835
0.8975	1.006325983204	1.005206156893	1.010737085869	0.99213492122	1.001566248174	1.005058173657	1.006979167115
0.9025	1.000768386176	0.980998591995	0.988176223888	1.004156633443	0.9920137264	0.989476588701	0.983286553242
0.9075	0.997713090298	1.005179540549	1.006012914654	0.996401526744	1.000522256723	1.002997256355	1.004714522465
0.9125	1.000782211044	0.980546114147	0.988385605437	0.99869693458	0.994715054278	0.98763882805	0.984283489202
0.9175	0.99386977693	1.007641552372	1.007583276277	0.999189734002	0.999125918158	1.004191800778	1.0050345266
0.9225	1.001501104192	0.98010694447	0.985519695475	0.993717066733	0.992470472659	0.982296195297	0.98633890038
0.9275	0.994920466916	1.009597853658	1.006549454875	0.998256008781	0.996476789852	1.005281330308	0.998683675297
0.9325	0.999703871323	0.979561309418	0.985676731638	0.98969686092	0.991661379285	0.976349726902	0.991409735141
0.9375	0.996565626235	1.00941153925	1.001929974435	0.993639256298	0.992822819774	1.006567762764	0.987360452043
0.9425	0.996468852157	0.978376882108	0.981816259315	0.989670924108	0.99351446411	0.976074062804	0.994092846738
0.9475	0.992127843533	1.003529327219	1.002479601003	0.986325075398	0.983961942336	1.007158471545	0.9788434189
0.9525	0.996786824126	0.981025208339	0.982405144923	0.993496603834	0.996098342951	0.980340292889	0.998068282729
0.9575	0.991104803285	0.999097705937	1.007138340484	0.986753032791	0.981130115525	1.008129859318	0.975901842424
0.9625	0.993455030883	0.987173583811	0.984237233483	0.991330880057	1.000404807685	0.980327166027	1.001649867475
0.9675	0.997920463321	0.995225027881	1.007687967052	0.992459131366	0.97906823241	1.008668060652	0.975951073829
0.9725	0.994878992311	0.990806714771	0.988163137541	0.983147815965	0.998173275959	0.980484688369	1.001342171191
0.9775	0.995611710327	0.989382740366	1.001027016501	0.995169528189	0.975349012867	1.003929263542	0.972935650245
0.9825	0.998860554361	0.993188877562	0.996211240858	0.978479189858	0.992940268812	0.987336910228	0.997846741404
0.9875	0.99433982245	0.992590009821	0.996211240858	1.001964972855	0.983322497572	0.999492384254	0.978055716412
0.9925	1.002330596286	0.996795392179	0.999940849712	0.988763135698	0.994688954492	0.996998280512	0.996172873619
0.9975	1.002247647077	0.998299215616	0.999495913919	1.001173900098	0.994297457698	1.000096219897	0.990991268195
