# xi	alpha_0	alpha_0p5	alpha_1	alpha_2	alpha_5	alpha_10	alpha_100
0.0025	0.003207369429	0.002492443033	0.002103157786	0.002466791789	0.002005901413	0.001532346298	0.000685031745
0.0075	0.008986164348	0.006770914763	0.006138591789	0.006361726193	0.004900493325	0.004379956502	0.002092460603
0.0125	0.01334099784	0.009996429275	0.009372196885	0.009243977652	0.00785856313	0.007112640733	0.003487434338
0.0175	0.020308731427	0.015221229643	0.013355051943	0.0122041278	0.01094358872	0.009015304053	0.004857497828
0.0225	0.024400892423	0.019886229972	0.018139735906	0.016475572529	0.013533486747	0.012565239644	0.006688400856
0.0275	0.031493049824	0.023058430195	0.022201459381	0.019682401855	0.017710332093	0.014914837301	0.008892957562
0.0325	0.036539126727	0.030509102149	0.027078156498	0.02357733626	0.019170323628	0.017673060637	0.00911714977
0.0375	0.044211928594	0.033134830905	0.030535222109	0.026459587719	0.023245604346	0.019614032614	0.012081468957
0.0425	0.04907828221	0.041238602904	0.035885129728	0.032146191949	0.02454055336	0.023534285227	0.011645539665
0.0475	0.056502236449	0.044077588819	0.039289616395	0.033795047513	0.028666616392	0.025002783762	0.014236205173
0.0525	0.063884716083	0.053114360884	0.044797260847	0.040273621739	0.029720349413	0.029280583844	0.013663269532
0.0575	0.071792540709	0.057912646936	0.051185602623	0.044622965156	0.036690222043	0.031310942689	0.017486992181
0.0625	0.079617416127	0.063710575916	0.053512220924	0.051296286102	0.036157007744	0.033443457954	0.01715070387
0.0675	0.086529850241	0.069335233455	0.062700391503	0.053607280515	0.04236514566	0.037299862804	0.020476221614
0.0725	0.091880074245	0.073933590921	0.061175602108	0.05850191475	0.042746013017	0.039534534489	0.021235984095
0.0775	0.101350108981	0.080144705644	0.074044298812	0.059488631465	0.047252943406	0.040530559582	0.023029521754
0.0825	0.105511394318	0.086395806085	0.071218180537	0.063682177507	0.048357458741	0.044884976979	0.024312399386
0.0875	0.114912304713	0.09115410642	0.083179890447	0.06601913815	0.054756030336	0.046200240885	0.025670007753
0.0925	0.118810917554	0.098671421235	0.080025153767	0.07087482304	0.054070469094	0.050056645735	0.028223307894
0.0975	0.127962980321	0.102989878682	0.093656245169	0.074990470394	0.061306948874	0.054794149706	0.030652056808
0.1025	0.132870808542	0.108961079103	0.08858237701	0.081417112161	0.061675120652	0.055547553303	0.03335481842
0.1075	0.140889232114	0.114479108063	0.10461895513	0.083572309198	0.067032654805	0.062047255517	0.037427643522
0.1125	0.148783231873	0.120463637056	0.100189179043	0.092439776524	0.071298369202	0.060604296086	0.041687295464
0.1175	0.152723319318	0.126128280312	0.114530086198	0.092037299969	0.073291575036	0.068125562499	0.044265505849
0.1225	0.165608096506	0.131046523515	0.108983007537	0.101605855489	0.080769270809	0.067550932637	0.049720849564
0.1275	0.166879984383	0.137644166837	0.123205612066	0.100995649099	0.081835699408	0.076323615193	0.049945041771
0.1325	0.179944484859	0.142162552869	0.119998296442	0.11148600576	0.088500878153	0.07702594058	0.056770448976
0.1375	0.181188723	0.14762726754	0.133826558887	0.109798200852	0.090430606095	0.08453443744	0.056807814344
0.1425	0.193506680591	0.157823625401	0.133143032606	0.123573285528	0.09814951786	0.087382047644	0.063620766426
0.1475	0.198884554332	0.15894322548	0.144447505707	0.117094711302	0.098492298481	0.09374128478	0.065875143623
0.1525	0.205603440291	0.171245497775	0.142488940019	0.134595949891	0.105677995947	0.095439635261	0.068067245207
0.1575	0.214022785042	0.170512426295	0.153136176312	0.126208857808	0.107823548724	0.103011979883	0.075365947072
0.1625	0.220216326008	0.181974998531	0.1509147159	0.145969158351	0.111530657664	0.104991260518	0.073211210856
0.1675	0.231096497304	0.182601441432	0.166307201948	0.137127657254	0.115631329539	0.113036078583	0.085479506653
0.1725	0.237801558394	0.194223956536	0.16287642581	0.157822742055	0.120011304143	0.117901278079	0.080298175636
0.1775	0.248184034434	0.194837070865	0.17688871456	0.14785170998	0.126651091731	0.12664842153	0.093562881244
0.1825	0.250285414405	0.203847185785	0.172498372682	0.167975537735	0.130929501706	0.130619752352	0.088356639982
0.1875	0.263792310664	0.208218957522	0.190020305988	0.161172385642	0.137175726358	0.140656620604	0.100799307495
0.1925	0.26366788685	0.215309758021	0.183894858936	0.177803755548	0.142584042826	0.143133913786	0.095916899422
0.1975	0.276870636008	0.221747458474	0.206319778832	0.174272348355	0.145427852424	0.151727822607	0.108832861596
0.2025	0.277216257713	0.228305116079	0.198485516078	0.189060115976	0.153832325431	0.155558688352	0.102269011966
0.2075	0.293253104858	0.235222645138	0.222001449076	0.187956551228	0.155292316966	0.166042490941	0.116031922479
0.2125	0.287667858094	0.243339745709	0.208422936618	0.202212011147	0.164598176052	0.166016951836	0.111137059283
0.2175	0.309428200685	0.249644160439	0.237972303515	0.201679703445	0.167911722056	0.180459315695	0.124899969796
0.2225	0.300151714104	0.255455417991	0.217505949308	0.214000679277	0.176519324321	0.175287646939	0.122209663307
0.2275	0.329183937383	0.263052704241	0.252037171211	0.216194825658	0.180721560825	0.191888065168	0.135623830386
0.2325	0.316243860722	0.265545147273	0.228179475073	0.224659816429	0.18747560862	0.189142611384	0.133107895614
0.2375	0.347529537522	0.27746089097	0.262973591699	0.229385670173	0.191931756695	0.204887469596	0.144965172363
0.2425	0.333276098379	0.278687119628	0.239168474506	0.239940942408	0.198812760275	0.203457279718	0.143607563996
0.2475	0.361852101007	0.292242277725	0.272253775431	0.238019441435	0.201935872601	0.218435964781	0.15794341015
0.2525	0.351884371014	0.290642849041	0.250854144956	0.250340417267	0.210022956145	0.212804592135	0.154368789954
0.2575	0.381773736124	0.305570850092	0.282559248584	0.248730511047	0.213387284464	0.230401035457	0.17438417203
0.2625	0.369165456299	0.298146835284	0.264130328482	0.25650739674	0.221436281272	0.222739303967	0.164021509997
0.2675	0.399538691797	0.316526936578	0.293495669072	0.264362181122	0.224140439506	0.239531265483	0.190563376335
0.2725	0.38351566952	0.31112886477	0.277656261995	0.27012668404	0.2317831778	0.23632610781	0.176339626284
0.2775	0.41652945485	0.332547880564	0.309256207733	0.278383944977	0.23707723406	0.24969582926	0.206107369385
0.2825	0.399552516665	0.326736623012	0.292102327039	0.289964883271	0.244097889005	0.251483566608	0.19129822857
0.2875	0.432096256475	0.347555853049	0.329393943537	0.292094114079	0.252311928334	0.267930750206	0.22101615118
0.2925	0.413363560025	0.338865623866	0.306416944722	0.307440155631	0.260411707456	0.269552483371	0.209196239798
0.2975	0.448879646504	0.356366039384	0.348296074141	0.303363457622	0.269082787614	0.289970997792	0.237332361834
0.3025	0.422252950296	0.350874667569	0.321704272881	0.316359555417	0.275138578588	0.289524063455	0.227978564734
0.3075	0.467031698487	0.364136597074	0.361256783998	0.309829048732	0.28544738838	0.308103762319	0.251481381149
0.3125	0.437335881533	0.364536454245	0.336978456303	0.330134640092	0.29109692084	0.308244227396	0.245515377406
0.3175	0.483815088516	0.379077926698	0.377293362119	0.323097791936	0.30248485481	0.325636357878	0.268021784009
0.3225	0.453967198012	0.38263665552	0.352252639726	0.347350250159	0.30760117297	0.324972341149	0.265219381416
0.3275	0.501939490764	0.394152542045	0.396103479569	0.340222520199	0.322277261787	0.342300623869	0.286866384558
0.3325	0.472658419856	0.400616899643	0.368801862557	0.363618092853	0.324448205721	0.337269420191	0.286006981096
0.3375	0.524847297418	0.411213114675	0.415150202271	0.354828524215	0.340025680616	0.360727088103	0.310568482935
0.3425	0.491128443809	0.418797072352	0.386192348502	0.381353027507	0.34096515343	0.354201846784	0.306321286116
0.3475	0.546220543699	0.432445530457	0.433776293416	0.374861470166	0.359107135194	0.379740951751	0.332888062699
0.3525	0.513289707579	0.441962131127	0.403556544974	0.39745208971	0.356250630018	0.375297147486	0.3272209819
0.3575	0.565395635931	0.456490275007	0.454965608112	0.397776667577	0.380930834742	0.395141032045	0.354099136549
0.3625	0.533944060712	0.463820989809	0.421748859826	0.418913178277	0.37291992467	0.394438706659	0.354036860935
0.3675	0.581225110053	0.48128141961	0.472881883504	0.420263422204	0.405636430623	0.411996841323	0.376368895822
0.3725	0.547119160134	0.483760534071	0.442254648242	0.446671077463	0.39118886222	0.415585085571	0.380167708226
0.3775	0.59646011484	0.503780049766	0.484856738149	0.442023122408	0.428564645505	0.433820006518	0.394329182664
0.3825	0.560778129943	0.508151821503	0.467111344328	0.474078432554	0.414713769294	0.438442584517	0.405675799385
0.3875	0.615649031941	0.527931422896	0.504048052949	0.466885787021	0.445665589828	0.460559449418	0.419276793304
0.3925	0.581197460316	0.529464208718	0.491613132538	0.497383123405	0.441831525102	0.461236235699	0.433811921421
0.3975	0.634506152205	0.550789924506	0.528286946436	0.49614972751	0.468466848924	0.486685953799	0.452183227309
0.4025	0.605874850104	0.550883224512	0.515904604969	0.520389202619	0.465280258705	0.489852802815	0.45842324375
0.4075	0.656681240843	0.579926183701	0.551829168906	0.523725863091	0.4912808036	0.514651273737	0.486883198974
0.4125	0.631091409752	0.575101240504	0.537751156474	0.543187551997	0.490633329093	0.515532372859	0.482685822645
0.4175	0.676589051091	0.608729228586	0.583337101491	0.551418846705	0.512672853476	0.543753083847	0.522965689251
0.4225	0.659266491201	0.602131585264	0.565591707669	0.573905601331	0.517129001551	0.544314944156	0.509987451464
0.4275	0.701197316538	0.638105402084	0.614200942004	0.583863650291	0.545706748893	0.569688044941	0.556856077944
0.4325	0.685298718075	0.635506330472	0.599820600641	0.609128791459	0.539892173912	0.573403984713	0.538061297886
0.4375	0.729095900622	0.668614504232	0.65033582172	0.619761962382	0.583971222678	0.598393998923	0.591991978901
0.4425	0.71101297298	0.667708161311	0.63069758589	0.641625527504	0.570640865188	0.601943934514	0.570980187014
0.4475	0.753579742255	0.698803720644	0.690966201203	0.649726991065	0.621385092699	0.633995511247	0.633529812893
0.4525	0.736257182365	0.701096235091	0.66705592612	0.675005115347	0.60901959918	0.632769634209	0.611260053619
0.4575	0.783538231705	0.732884880187	0.738392409283	0.685508455124	0.664207279188	0.671665691073	0.682104791174
0.4625	0.766409219971	0.737509894799	0.711997779065	0.716343352489	0.651854481247	0.672342477354	0.650456324556
0.4675	0.820934500263	0.773243797316	0.780429275536	0.731144103225	0.712882127393	0.713690288296	0.735736549246
0.4725	0.802796273147	0.775682926059	0.751681737545	0.761823203215	0.697799780062	0.727621870055	0.694285901113
0.4775	0.867800803557	0.819733857733	0.827132523127	0.78070065196	0.768983889057	0.764602494047	0.79575778523
0.4825	0.843593459289	0.82050691493	0.802749037542	0.820130371244	0.761887060641	0.796258214653	0.751753836956
0.4875	0.910104900335	0.875353990221	0.88492992804	0.847693523711	0.841640685165	0.839559767124	0.865743119323
0.4925	0.89235376953	0.884310790852	0.875689178517	0.900366019969	0.858246501924	0.876042378569	0.836137292817
0.4975	1.009201555795	0.987380640968	0.996410435448	0.981432588033	0.992210246906	0.987175793832	1.016113814911
0.5025	0.968888240042	0.973638882858	0.966821634343	0.998271687774	0.974563392705	0.980088692204	0.95502143838
0.5075	1.006782203855	0.994831312922	0.997659185384	0.990429886507	0.997593172216	0.994390590985	1.03368799295
0.5125	0.969247686616	0.977437525982	0.960485871512	0.999751762847	0.973547746421	0.978134950674	0.955382636936
0.5175	1.002703867728	0.995364455816	1.000301277353	0.990806396833	1.006670510888	0.999370716454	1.028730854141
0.5225	0.971902061316	0.982009226304	0.955622319131	0.998531350067	0.975452083205	0.975504422862	0.957774020482
0.5275	1.011067913006	1.00124235623	1.008490447983	0.986483019644	1.018160009486	1.000928601857	1.025629528605
0.5325	0.970796071857	0.979996611877	0.958172397947	0.997271987943	0.97752146251	0.98073993938	0.962008762179
0.5375	1.016335187801	1.008746342473	1.013919224019	0.980796415414	1.016496888695	0.995476002946	1.017072859354
0.5425	0.966855984412	0.977717426002	0.95809352953	1.003374051843	0.981787176907	0.984468648706	0.959156539095
0.5475	1.021325965232	1.00501434221	1.014707908189	0.974824182661	1.019226438085	0.992832705582	1.01327404695
0.5525	0.970353676074	0.985408012258	0.963482871357	1.007489699197	0.988084183874	0.984289874971	0.961934031443
0.5575	1.029316739068	1.008119899572	1.017087105434	0.976369173308	1.0273896951	0.996510336697	1.014656565562
0.5625	0.970312201469	0.989713141133	0.968556739517	1.009956490986	0.993594064969	0.987214102489	0.968983630855
0.5675	1.033367425458	1.01554391438	1.016456158099	0.981341706231	1.031845843176	1.002831265177	1.012526739591
0.5725	0.968611742677	0.989566526837	0.9630622398	1.011462532289	0.996183962996	0.990585264345	0.972084956392
0.5775	1.032427334419	1.015610557242	1.014537026619	0.982419304749	1.031388802347	1.007262299888	1.013772251855
0.5825	0.969703907267	0.990539512619	0.966677042245	1.010774427211	1.002557143434	0.995105685924	0.971312738788
0.5875	1.030519502603	1.020595443308	1.014195263478	0.982691950157	1.031147586355	1.015626356765	1.020498018079
0.5925	0.969123262802	0.987633883843	0.976824778564	1.008541331486	1.012028045041	1.003903907585	0.968634887421
0.5975	1.037293688035	1.025606986518	1.010593605769	0.987223057181	1.027986387293	1.018946440411	1.032778768998
0.6025	0.972192383548	0.990792755494	0.984777343943	1.009060656073	1.012942126697	1.009356506496	0.97538556389
0.6075	1.045090913716	1.02410085784	1.009936368961	0.991572400599	1.029789159449	1.01786102845	1.043029334928
0.6125	0.975330628636	0.996923898783	0.990416435757	1.009229436564	1.007127551716	1.011501791313	0.988438532413
0.6175	1.040888153775	1.022661372025	1.015996092333	0.992026809612	1.032175928218	1.018154728157	1.038744772741
0.6225	0.971860586711	0.991245926955	0.990455869966	1.011241819339	1.004855043154	1.01359599792	0.994790644957
0.6275	1.037348987508	1.029498929649	1.027247986489	0.993377053539	1.025371098109	1.014911261826	1.035929915025
0.6325	0.96928916122	0.981009583377	0.988010949039	1.01243626589	1.006505468367	1.02125772941	0.994192799071
0.6375	1.040293684441	1.041014816174	1.028575604842	0.996947410076	1.017918793493	1.011399634893	1.040164656721
0.6425	0.96648271297	0.973239025687	0.982279844072	1.011592363436	1.004156786333	1.024437347978	0.990917101818
0.6475	1.038441152098	1.039815244661	1.022252986747	0.997505684008	1.012726301862	1.007441073623	1.041547175334
0.6525	0.965763819822	0.975025054384	0.984619607109	1.02095318912	1.006226165638	1.019725383112	0.990717819855
0.6575	1.035925026081	1.035496787214	1.027852644353	0.990261106016	1.012129609669	1.014208936439	1.038009920505
0.6625	0.959169357677	0.982808940646	0.988444725333	1.023342082222	1.012421607976	1.017260859483	0.987927872385
0.6675	1.040860504038	1.030232001129	1.034004380878	0.983964295396	1.011494830741	1.019112444593	1.032205833357
0.6725	0.956915904156	0.983821912146	0.991678330429	1.022718892717	1.008295544944	1.01595836513	0.984477803415
0.6775	1.050966482713	1.023607700663	1.030941657351	0.979459154602	1.009044584079	1.021142803438	1.028768219509
0.6825	0.968072572816	0.986061112304	0.998066672205	1.029898555135	1.008866845979	1.016558534096	0.98861290413
0.6875	1.051560952047	1.026060157978	1.027353144379	0.980523770006	1.00788928643	1.029353625685	1.03113469281
0.6925	0.968556443204	0.986620912343	0.994346711871	1.030703508245	1.006543555102	1.016162677969	0.990182249582
0.6975	1.050468787457	1.031151672623	1.030244986335	0.988742081598	1.010580749085	1.034499755335	1.033800089054
0.7025	0.968114047421	0.985887840863	0.994701619747	1.027340881543	0.995130229975	1.021423733592	0.986233975706
0.7075	1.050925008108	1.031511544076	1.03358374932	0.990014426837	1.011812220205	1.026697558768	1.034896139846
0.7125	0.973547220635	0.996590684474	1.006242698099	1.032014802828	0.991372338721	1.024884282315	0.985150380037
0.7175	1.047067869873	1.031351601208	1.035673762371	0.99071551503	1.015100375053	1.018831514438	1.037673632194
0.7225	0.973312197875	1.003694813546	1.010304421574	1.036610825425	0.986230629404	1.021755741957	0.983344387255
0.7275	1.045878931205	1.034710401445	1.041864933104	0.994922044186	1.015557415881	1.01575405229	1.030300199593
0.7325	0.9726486042	0.998563313185	1.004415579772	1.032728874135	0.978460935324	1.010390840247	0.978013594766
0.7375	1.041980318365	1.034283887129	1.044743630324	0.997051274994	1.008270153787	1.019597687587	1.024134913888
0.7425	0.975372103241	0.992645427053	0.996673330172	1.029067635796	0.977838851974	1.001950166055	0.979757311935
0.7475	1.039021796564	1.026366715143	1.044217840877	0.996129473851	1.006899031302	1.028485296116	1.025542342746
0.7525	0.977971178468	0.991032669797	0.993439725075	1.027977054162	0.984491335141	0.997723444183	0.98062917052
0.7575	1.041012577589	1.017503214518	1.0415363147	0.99232542125	1.008397109572	1.027412653707	1.025617073482
0.7625	0.985892827963	0.987767169567	0.995910935474	1.028782007273	0.98343760212	0.994990759952	0.981712766189
0.7675	1.034431940312	1.018622814597	1.035792064996	0.994870111727	1.010529966771	1.022087750322	1.024645573916
0.7725	0.996565626235	0.984368383613	0.993860356632	1.035702007397	0.980009795908	0.997710674631	0.987703680177
0.7775	1.021796010751	1.0188627289	1.031953802036	0.998505383838	1.016433410802	1.017337476798	1.021457062522
0.7825	0.997989587662	0.979929969015	0.989180830558	1.040414878026	0.985126114069	1.000826445437	0.99163949893
0.7875	1.018146245539	1.014917471479	1.027195407545	1.000582682187	1.020013563956	1.011118704738	1.02201754304
0.7925	0.998196960686	0.972399325628	0.985263699181	1.034429662159	0.987716012095	1.004772237154	0.992797825336
0.7975	1.01564394439	1.018009700268	1.022384434109	1.005736978715	1.015176548524	1.004376381027	1.020273825871
0.8025	0.99254258958	0.964935325102	0.982582173004	1.024458630084	0.980365272108	1.003686825193	0.990418896912
0.8075	1.006381282677	1.018622814597	1.018033526438	1.002075740375	1.008765281351	0.998783317039	1.011380868309
0.8125	0.98294813103	0.965588425148	0.978914791614	1.019849624373	0.974233307663	0.99801714389	0.982709176
0.8175	1.003865156659	1.015463942946	1.014458158202	0.993364070425	1.006149992167	0.99241131035	1.009051760376
0.8225	0.983086379712	0.966681368082	0.970212976273	1.021485496822	0.977635722717	0.993624417836	0.980305337331
0.8275	1.002883591015	1.019262586071	1.01573319761	0.982834764419	1.002303231863	0.984979430805	1.005502050425
0.8325	0.979630162655	0.954992210116	0.960906503069	1.021057054038	0.978486326481	0.988273975346	0.984104149735
0.8375	0.998805254888	1.026513329439	1.015167973954	0.972331424642	0.996158571839	0.975683196597	0.997505861692
0.8425	0.975883623365	0.946821795255	0.958409003198	1.023510862712	0.980276403058	0.983012919722	0.983693130688
0.8475	1.001639352875	1.027632929518	1.017560315936	0.964450674031	0.994013019062	0.976538756613	1.00118012287
0.8525	0.971487315269	0.94752820959	0.959960082065	1.024393714511	0.97628999139	0.979016049795	0.982173605727
0.8575	1.003339811667	1.020848686183	1.01511539501	0.95232444492	0.998139082094	0.978875584718	1.005589236283
0.8625	0.973229248665	0.953232838563	0.9666244633	1.020641594368	0.971922712365	0.981646577607	0.984540079028
0.8675	1.002662393123	1.020342200433	1.00901623743	0.952441292952	1.009501624907	0.981365647452	1.002761923445
0.8725	0.981095598687	0.955778595886	0.967163397483	1.017240018322	0.975147389319	0.984187718551	0.986433257668
0.8775	1.003132438643	1.024940557899	1.010882789965	0.961075064214	1.013500732154	0.987737654141	1.002263718539
0.8825	0.987717710569	0.958790853241	0.96960831841	1.015331500464	0.979514668345	0.985592369324	0.990593268629
0.8875	1.007639345686	1.027752886669	1.013446013517	0.96694343205	1.009323886807	0.99066188166	1.004094621567
0.8925	0.99581908335	0.967361125273	0.978967370559	1.010982157046	0.982815518771	0.987214102489	0.994105613212
0.8975	1.006325983204	1.027166429485	1.016613894933	0.97790118084	1.011672568841	0.993764882913	1.005800973368
0.9025	1.000768386176	0.970559982641	0.978441581112	1.005165721669	0.984770637869	0.985477443352	0.993594953184
0.9075	0.997713090298	1.028805843886	1.019505736889	0.989118591924	1.008765281351	1.000149659155	1.007831158358
0.9125	1.000782211044	0.969920211167	0.976969370662	1.001192888577	0.988274617552	0.987290719804	0.99461627324
0.9175	0.99386977693	1.031111686905	1.016390434418	0.991117991585	1.003141140048	0.996101711018	1.004841928925
0.9225	1.001501104192	0.973998754312	0.976640752257	0.996622832209	0.98873165838	0.986511777103	0.989111109035
0.9275	0.994920466916	1.026513329439	1.014208408215	0.988521368649	1.00047506855	0.991057737787	1.001117847257
0.9325	0.999703871323	0.978117283173	0.975313133905	0.993338104195	0.988388877759	0.978696810983	0.980678991011
0.9375	0.996565626235	1.020795371893	1.016272131792	0.9864440703	0.995638053118	0.994863064427	1.00415689718
0.9425	0.996468852157	0.978277226042	0.976404147007	0.986937428658	0.984123163362	0.976679221691	0.980529529539
0.9475	0.992127843533	1.014051114275	1.014458158202	0.989066659465	0.994660493569	0.991964376013	1.005215582604
0.9525	0.996786824126	0.981609369133	0.981031094136	0.985054877029	0.984072381048	0.976921843188	0.985362117122
0.9575	0.991104803285	1.010252471151	1.010738197867	0.991819079778	0.996907610974	0.989027378942	1.002288628784
0.9625	0.993455030883	0.986500955192	0.987380001704	0.989118591924	0.989455306358	0.978109411569	0.992087883345
0.9675	0.997920463321	1.010012556848	1.004915079746	0.990377954048	0.99676795961	0.987852580114	0.994416991278
0.9725	0.994878992311	0.989419912541	0.989706620005	0.992195590103	0.990420170329	0.983919557949	0.99461627324
0.9775	0.995611710327	1.004454542171	1.000196119464	0.987300955869	0.993187806455	0.984417570496	0.988700089988
0.9825	0.998860554361	0.999256398948	0.993058527726	0.992870712067	0.992413376163	0.988018584296	0.993744414656
0.9875	0.99433982245	0.995710998698	1.002943369322	0.988923845204	0.992908503727	0.986243616501	0.987977692875
0.9925	1.002330596286	1.00653379946	0.999801777379	0.994675365007	0.995841182375	0.993037018422	0.995662503542
0.9975	1.002247647077	0.999296384665	1.004060671896	0.99515574025	0.996552134774	0.992347462588	0.991801415525
